# Based on The Netherlands.
RAND_LAT_MIN=50.733743806707714
RAND_LAT_MAX=53.33378874706167
RAND_LNG_MIN=4.6959112531288385
RAND_LNG_MAX=5.997304487926548

# Based on Amsterdam, The Netherlands.
QUERY_LAT=52.373130536883394
QUERY_LNG=4.902131318284787